name: opencv
channels:
  - conda-forge
  - defaults
dependencies:
  - _libgcc_mutex=0.1=main
  - blas=1.0=mkl
  - bzip2=1.0.8=h516909a_3
  - ca-certificates=2020.6.20=hecda079_0
  - cairo=1.16.0=h3fc0475_1005
  - certifi=2020.6.20=py37hc8dfbb8_0
  - dbus=1.13.6=he372182_0
  - expat=2.2.9=he1b5a44_2
  - ffmpeg=4.1.3=h167e202_0
  - fontconfig=2.13.1=h1056068_1002
  - freetype=2.10.2=he06d7ca_0
  - gettext=0.19.8.1=hc5be6a0_1002
  - giflib=5.2.1=h516909a_2
  - glib=2.65.0=h6f030ca_0
  - gmp=6.2.0=he1b5a44_2
  - gnutls=3.6.13=h79a8f9a_0
  - graphite2=1.3.13=he1b5a44_1001
  - gst-plugins-base=1.14.5=h0935bb2_2
  - gstreamer=1.14.5=h36ae1b5_2
  - harfbuzz=2.7.2=hee91db6_0
  - hdf5=1.10.5=nompi_h3c11f04_1104
  - icu=67.1=he1b5a44_0
  - intel-openmp=2020.2=254
  - jasper=1.900.1=h07fcdf6_1006
  - jpeg=9d=h516909a_0
  - krb5=1.17.1=hfafb76e_2
  - lame=3.100=h14c3975_1001
  - ld_impl_linux-64=2.33.1=h53a641e_7
  - libblas=3.8.0=16_mkl
  - libcblas=3.8.0=16_mkl
  - libclang=10.0.1=default_hde54327_1
  - libedit=3.1.20191231=h14c3975_1
  - libevent=2.1.10=hcdb4288_2
  - libffi=3.2.1=he1b5a44_1007
  - libgcc-ng=9.1.0=hdf63c60_0
  - libgfortran-ng=7.5.0=hdf63c60_16
  - libiconv=1.16=h516909a_0
  - liblapack=3.8.0=16_mkl
  - liblapacke=3.8.0=16_mkl
  - libllvm10=10.0.1=he513fc3_3
  - libopencv=3.4.9=py37_2
  - libpng=1.6.37=hed695b0_2
  - libpq=12.3=h5513abc_0
  - libstdcxx-ng=9.1.0=hdf63c60_0
  - libtiff=4.1.0=hc3755c2_3
  - libuuid=2.32.1=h14c3975_1000
  - libwebp=1.0.2=h56121f0_5
  - libxcb=1.13=h14c3975_1002
  - libxkbcommon=0.10.0=he1b5a44_0
  - libxml2=2.9.10=h68273f3_2
  - lz4-c=1.9.2=he1b5a44_3
  - mkl=2020.2=256
  - mkl-service=2.3.0=py37he904b0f_0
  - mkl_fft=1.1.0=py37h23d657b_0
  - mkl_random=1.1.1=py37h0573a6f_0
  - mysql-common=8.0.21=0
  - mysql-libs=8.0.21=hf3661c5_0
  - ncurses=6.2=he6710b0_1
  - nettle=3.4.1=h1bed415_1002
  - nspr=4.28=he1b5a44_0
  - nss=3.56=he751ad9_0
  - numpy=1.19.1=py37hbc911f0_0
  - numpy-base=1.19.1=py37hfa32c7d_0
  - opencv=3.4.9=py37_2
  - openh264=1.8.0=hdbcaa40_1000
  - openssl=1.1.1g=h516909a_1
  - pcre=8.44=he1b5a44_0
  - pip=20.2.2=py37_0
  - pixman=0.38.0=h516909a_1003
  - pthread-stubs=0.4=h14c3975_1001
  - py-opencv=3.4.9=py37h5ca1d4c_2
  - python=3.7.7=hcf32534_0_cpython
  - python_abi=3.7=1_cp37m
  - qt=5.12.6=h0c8506f_0
  - readline=8.0=h7b6447c_0
  - setuptools=49.6.0=py37_0
  - six=1.15.0=py_0
  - sqlite=3.33.0=h62c20be_0
  - tk=8.6.10=hbc83047_0
  - wheel=0.35.1=py_0
  - x264=1!152.20180806=h14c3975_0
  - xorg-kbproto=1.0.7=h14c3975_1002
  - xorg-libice=1.0.10=h516909a_0
  - xorg-libsm=1.2.3=h84519dc_1000
  - xorg-libx11=1.6.12=h516909a_0
  - xorg-libxau=1.0.9=h14c3975_0
  - xorg-libxdmcp=1.1.3=h516909a_0
  - xorg-libxext=1.3.4=h516909a_0
  - xorg-libxrender=0.9.10=h516909a_1002
  - xorg-renderproto=0.11.1=h14c3975_1002
  - xorg-xextproto=7.3.0=h14c3975_1002
  - xorg-xproto=7.0.31=h14c3975_1007
  - xz=5.2.5=h7b6447c_0
  - zlib=1.2.11=h7b6447c_3
  - zstd=1.4.5=h6597ccf_2
  - pip:
    - cython==0.29.21
    - pyrealsense2==2.38.1.2225

